099.999858 6
099.999804 260
099.999779 8
099.999767 1
099.999336 304
099.859786 2
099.574411 7
099.287716 303
099.177310 109
098.953794 188
098.659670 88
098.344929 20
098.344173 203
098.163447 5
098.154704 237
098.058572 4
098.023770 3
097.613083 287
097.422400 289
097.367253 176
096.654237 43
096.012082 217
095.895177 290
095.773168 21
095.690380 177
095.672675 159
095.584335 133
095.472227 189
095.441231 261
095.383373 259
095.350025 216
095.275313 204
095.228519 288
095.224932 300
095.212658 292
095.156695 44
095.123977 295
095.120238 238
095.053564 110
095.022218 298
094.985025 134
094.982586 64
094.915035 296
094.900715 294
094.897506 98
094.892580 301
094.869246 9
094.856711 89
094.792803 302
094.787175 160
094.727609 291
094.714605 268
094.660593 274
094.610351 297
094.561647 293
094.559261 276
094.532589 175
094.530321 196
094.527887 180
094.470388 299
094.451016 47
094.435992 77
094.415149 50
094.415022 34
094.408906 272
094.402305 42
094.376021 236
094.360457 10
094.356133 178
094.354714 271
094.344679 122
094.328623 116
094.327902 112
094.320809 66
094.316204 63
094.305462 13
094.304132 262
094.302244 228
094.301096 242
094.288005 90
094.264114 200
094.257863 95
094.255404 280
094.245081 45
094.243463 239
094.227345 205
094.223316 198
094.214072 253
094.212178 37
094.211049 114
094.209373 78
094.209366 100
094.205604 210
094.202968 82
094.201825 138
094.198604 117
094.191254 234
094.191238 277
094.190782 111
094.188663 79
094.187980 186
094.174742 125
094.174531 123
094.173860 284
094.156526 230
094.156511 55
094.155838 229
094.155477 53
094.154399 250
094.149247 202
094.147877 254
094.144971 76
094.144877 126
094.143909 106
094.140055 240
094.135364 26
094.135204 264
094.131084 206
094.128825 101
094.127942 108
094.122716 130
094.118202 68
094.115184 248
094.111683 252
094.096513 84
094.095209 92
094.089179 257
094.088300 266
094.083794 224
094.083025 74
094.082059 86
094.080603 52
094.080228 247
094.080117 213
094.077758 15
094.076224 256
094.075890 255
094.074855 70
094.074668 46
094.069444 285
094.064780 197
094.063309 58
094.056153 97
094.050504 36
094.049323 12
094.046169 282
094.045427 60
094.045410 118
094.043166 18
094.038401 220
094.026743 215
094.026355 231
094.024280 158
094.021274 246
094.020140 93
094.019486 194
094.015196 71
094.011642 94
094.004391 212
094.004115 249
093.997574 73
093.997416 269
093.990467 219
093.990292 87
093.986874 225
093.986196 83
093.985199 207
093.978617 72
093.974967 258
093.973322 65
093.971712 62
093.968014 233
093.964952 232
093.962920 61
093.960697 38
093.949915 183
093.941368 119
093.933951 235
093.933079 102
093.933047 48
093.927178 190
093.921380 28
093.920451 191
093.920028 80
093.919506 279
093.917262 39
093.916415 267
093.916357 105
093.907742 41
093.902114 270
093.896870 104
093.894731 22
093.893833 244
093.892031 96
093.882934 124
093.881570 31
093.880737 208
093.880267 81
093.880152 59
093.878632 172
093.875462 24
093.874849 226
093.870592 154
093.870444 29
093.869968 192
093.869414 227
093.863404 23
093.861196 263
093.858376 286
093.852738 33
093.852501 218
093.848082 32
093.846582 85
093.845933 121
093.843236 115
093.837273 140
093.833711 278
093.832510 103
093.825562 245
093.821421 162
093.820490 54
093.819443 211
093.813827 273
093.812047 152
093.807987 251
093.807527 132
093.803033 69
093.800809 243
093.797295 199
093.795925 275
093.794918 19
093.778281 241
093.774976 17
093.774886 223
093.767588 150
093.767293 91
093.757838 195
093.750918 49
093.750781 165
093.747481 187
093.746021 221
093.745481 181
093.742096 184
093.740614 265
093.740111 120
093.720673 11
093.720279 281
093.717890 209
093.717740 193
093.714796 51
093.712827 99
093.705663 148
093.703575 168
093.698455 149
093.696265 67
093.695993 157
093.689419 14
093.684611 214
093.682471 27
093.676857 107
093.676417 151
093.671072 141
093.662429 136
093.660939 128
093.659032 283
093.657560 173
093.654706 164
093.653038 35
093.648630 56
093.648286 156
093.647375 166
093.644862 161
093.630283 137
093.629129 167
093.616432 144
093.612294 127
093.578307 143
093.577444 40
093.577064 222
093.573701 113
093.565947 174
093.543512 146
093.541257 75
093.530148 170
093.518720 139
093.516359 179
093.508587 182
093.493467 135
093.457876 142
093.453550 30
093.452220 153
093.435420 171
093.435418 131
093.416592 57
093.408306 129
093.380680 185
093.374287 147
093.373081 16
093.361404 163
093.278761 155
093.275200 25
093.243692 201
093.203714 145
093.119522 169
